3634390
3634391
3634462
3634476
3635658
3635709
3635939
3635940
3635941
3635942
3635944
3635955
3636004
3636009
3637581
3637644
3637645
3637646
3637647
3637648
3637649
3637650
3637651
3637652
3637653
3637672
3637673
3637734
3637856
3708258
3708468
3708596
3709856
3709869
3709870
3709871
3709872
3711285
3711459
3711460
3711461
3711546
3712874
3712881
3712882
3714232
3714351
3782897
3783148
3784556
3784559
3784569
3785825
3785843
3786040
3786042
3787178
3787340
3787387
3787388
3787565
3789060
3859271
3860389
3860571
3860572
3862116
3862117
3862118
3862119
3862120
3862171
3862929
3862958
3863004
3930793
3930794
3930856
3931142
3931143
3931144
3931145
3931300
3931302
3932112
3932122
3932307
3932376
3932377
3932378
3932379
3932380
3932381
3932414
3932524
3932633
3933785
3933786
3933787
3933879
3935182
3935183
4000964
4000965
4000966
4000985
4001203
4001204
4001205
4001206
4001207
4001387
4002424
4002425
4002603
4002604
4002605
4002606
4003885
4003886
4003937
4003944
4003980
4004929
4004932
4005064
4005065
4005066
4005067
4005068
4005069
4005437
4066388
4066389
4066637
4066638
4066666
4067864
4067865
4068085
4069012
4069055
4069218
4069320
4069352
4070343
4070352
4070353
4070385
4070493
4071312
4132522
4132553
4132729
4132841
4133806
4133823
4133824
4133872
4133951
4134887
4134888
4134906
4137226
4137227
4137228
4181653
4182708
4183753
4183754
4183755
4183949
4185012
4185013
4185959
4186175
4243583
4243584
4243597
4243606
4243809
4245995
4246052
4246171
4246172
4246414
4247296
4247455
4247456
4247457
4247458
4247459
4247460
4247476
4247534
4247614
4309182
4309183
4309305
4310331
4310469
4310693
4311641
4311689
4312806
4312807
4312808
4367172
4367173
4367174
4368153
4368154
4368155
4368248
4368249
4368260
4370145
4370268
4370269
4370332
4424152
4424153
4424154
4424155
4424156
4424158
4424165
4424349
4425133
4425270
4425271
4425278
4425319
4426205
4426326
4426327
4426328
4426432
4427413
4427579
4427585
4427753
4429111
4491481
4491543
4491544
4492653
4492654
4492655
4492748
4493532
4493798
4494957
4495098
4495099
4495100
4495303
4496364
4496480
4496481
4496482
4496738
4563192
4563193
4563409
4563412
4563518
4563519
4563520
4564572
4564577
4564672
4564673
4565424
4565884
4567124
4567171
4567252
4634448
4634555
4634586
4634764
4636380
4637868
4637979
4637988
4638051
4638052
4638053
4638054
4638055
4639365
4639406
4717513
4717674
4719053
4719167
4719292
4719293
4720541
4720542
4721779
4795626
4795712
4795746
4795807
4797337
4797345
4797476
4798887
4799960
4800043
4800195
4801692
4801693
4801694
4801695
4801696
4801702
4801722
4891075
4891424
4892584
4892801
4892936
4892937
4894094
4894181
4894311
4894445
4894446
4894447
4895960
4897254
4897469
4897485
4981489
4981612
4981954
4983376
4985043
4985045
4985233
4985416
4985545
4985546
4986980
4987221
4987227
4987258
4988379
4988496
4988593
4988594
4988800
4988801
4988802
4988803
4988804
4988805
4988808
4988827
5079346
5079347
5079378
5080884
5081231
5081232
5081233
5082932
5082955
5082963
5084106
5084448
5084562
5084586
5176745
5176750
5177192
5177195
5177233
5178671
5178986
5179207
5180817
5182370
5182371
5182372
5275801
5275802
5276147
5276148
5277893
5277895
5278021
5278291
5278292
5278293
5278294
5278295
5279811
5280110
5281241
5281263
5281264
5378269
5378817
5378818
5380515
5380827
5380828
5380859
5382421
5382654
5382659
5383960
5384108
5384228
5385719
5385893
5386015
5480976
5480977
5482546
5482699
5482700
5484700
5484897
5484898
5484899
5484900
5484901
5486214
5486600
5486601
5487770
5488098
5488100
5488101
5591422
5591833
5591834
5593656
5593659
5594080
5594136
5595724
5596083
5597387
5597902
5597903
5597904
5597905
5597935
5710258
5710297
5711931
5712376

