395634
396293
396294
396527
420372
420374
466841
467162
512116
512167
512493
532125
532479
575228
575904
617544
617963
664955
665696
666866
666867
717550
718028
718032
718181
718342
718356
718389
719048
719049
841371
842048
842548
842560
877643
877644
945780
946050
946051
946052
980251
980521
981276
982050
982507
982508
982509
982952
982953
982954
982955
983132
1014039
1014114
1014633
1014982
1014983
1014984
1015375
1051565
1051859
1123430
1125050
1125073
1125074
1126413
1126466
1126489
1126656
1169329
1169344
1210751
1210808
1213075
1213608
1365040
1365706
1440566
1441243
1613674
1613919
1615550
1615551
1656233
1656844
1657724
1657803
1697107
1697122
1698884
1698898
1699427
1744149
1744172
1744903
1745134
1787676
1788295
1788299
1788300
1788314
1788797
1789134
1789279
1789888
1840333
1840385
1840398
1841621
1841622
1841623
1841636
1841637
1841828
1841873
1841876
1893244
1893543
1893553
1893556
1893557
1893646
1893872
1894460
1895559
1942865
1943170
1943727
1944539
1944645
1986116
1986276
1986801
1989065
1989472
1989541
1989567
1989568
1989569
1989570
2026861
2026908
2026920
2027066
2027178
2027206
2027764
2027777
2027897
2028439
2028469
2028480
2028958
2028959
2028981
2066985
2066986
2067132
2067149
2067589
2067725
2067726
2068081
2068172
2068353
2069158
2104357
2104595
2105326
2105862
2105919
2105955
2106539
2142594
2142838
2143830
2143956
2144219
2144463
2144556
2144992
2145398
2145579
2185901
2186226
2186274
2186389
2186629
2186719
2186722
2186734
2186769
2186849
2187366
2188262
2188774
2188889
2227504
2227523
2227546
2227963
2227977
2228288
2228289
2228290
2228303
2228321
2228374
2228415
2228416
2228455
2228659
2228671
2229049
2229200
2229532
2229744
2230099
2268919
2268935
2268936
2269218
2269366
2269498
2269885
2270451
2270454
2270478
2270520
2270570
2270675
2270678
2270756
2271176
2271220
2307650
2307921
2308023
2308640
2308675
2309118
2309129
2309176
2309408
2338128
2338639
2338709
2338728
2339358
2339739
2339740
2339934
2339935
2366633
2366874
2367053
2367072
2367073
2367531
2391886
2392158
2392167
2392180
2392181
2392611
2393652
2393930
2393934
2414050
2414374
2414491
2414773
2433939
2434150
2434173
2434272
2434410
2434578
2435182
2457823
2458527
2458776
2459226
2459435
2459467
2459771
2459813
2459913
2460025
2492959
2492971
2492972
2493703
2493975
2494416
2494969
2495000
2495243
2495244
2496151
2496255
2536957
2537098
2537106
2538180
2538431
2538568
2538610
2538741
2538847
2539178
2539212
2539282
2540011
2540057
2580867
2583076
2583517
2583519
2583891
2583925
2624653
2624756
2625541
2625542
2625551
2625552
2626255
2665273
2665985
2666757
2666758
2666774
2666788
2667476
2667477
2699386
2700037
2700043
2700044
2700669
2729562
2729629
2729630
2729631
2729632
2730521
2730522
2730523
2731459
2732372
2732382
2733165
2733236
2776952
2776956
2776957
2776958
2776959
2776960
2776961
2776962
2776995
2777838
2777839
2777840
2777855
2778735
2778815
2778816
2778817
2778818
2778839
2778843
2779755
2779756
2779757
2779758
2779772
2819258
2819259
2819280
2819943
2820712
2820782
2820783
2820784
2820785
2820786
2820787
2821524
2821525
2821526
2821533
2867613
2867617
2867624
2867640
2868751
2868774
2868775
2868776
2868777
2868817
2870135
2870136
2870137
2870180
2871230
2871231
2871232
2871233
2871234
2871251
2920069
2920070
2920071
2920072
2920103
2920933
2921061
2921078
2921829
2921847
2922690
2922801
2967088
2967196
2967858
2967887
2969350
2969351
2969373
2970029
2970030
2970137
3016297
3016298
3016384
3017406
3017421
3018272
3019217
3071493
3071571
3071605
3071815
3072454
3072585
3073664
3073813
3073851
3073884
3074925
3074926
3117116
3117117
3117118
3117158
3117165
3117830
3117954
3117955
3117956
3117957
3117958
3117959
3117960
3117961
3117962
3117983
3117996
3118869
3118870
3118871
3118872
3118873
3118885
3118942
3118943
3119706
3119806
3119807
3119808
3119809
3119810
3119811
3119820
3164437
3164522
3165506
3165507
3165512
3166431
3167537
3227704
3227705
3227706
3227725
3227748
3228750
3228969
3228982
3230084
3230086
3230087
3230221
3230222
3231552
3231592
3231597
3231601
3296244
3296260
3297441
3297443
3297586
3297677
3297678
3297679
3297743
3297756
3297786
3299004
3299038
3299039
3299040
3299041
3299079
3300471
3300472
3301629
3301660
3301843
3301844
3301845
3301846
3301847
3301884
3361553
3361706
3361734
3361735
3361736
3361765
3361777
3362948
3362949
3362950
3362962
3364194
3364195
3364224
3364240
3365275
3365403
3365441
3365477
3366619
3366620
3366621
3366622
3366623
3420812
3420813
3420842
3420860
3420861
3421829
3422023
3422079
3422084
3422098
3422113
3422128
3422190
3423391
3423392
3423393
3423394
3423419
3423461
3424585
3424738
3424739
3424740
3424741
3424742
3424777
3488342
3488343
3488367
3488737
3489558
3489741
3489801
3490859
3491081
3491082
3491083
3491084
3491133
3492284
3492285
3492286
3492287
3552905
3552906
3553189
3553190
3554751
3555002
3555003
3555004
3555005
3557079
3557080
3557139
3557148
3557200
3558261
3558318
3558440
3558515
3558518
3558519
3558592
3558593
3558671
3558700
3632510
3632565
3632567
3632568
3632569
3632573
3632574
3632611
3632634
3632637
3632801
3632805
3634013
3634090
3634230
3634388
3634389
3634390
3634391
3634462
3634476
3635658
3635709
3635939
3635940
3635941
3635942
3635944
3635955
3636004
3636009
3637581
3637644
3637645
3637646
3637647
3637648
3637649
3637650
3637651
3637652
3637653
3637672
3637673
3637734
3637856
3708258
3708468
3708596
3709856
3709869
3709870
3709871
3709872
3711285
3711459
3711460
3711461
3711546
3712874
3712881
3712882
3714232
3714351
3782897
3783148
3784556
3784559
3784569
3785825
3785843
3786040
3786042
3787178
3787340
3787387
3787388
3787565
3789060
3859271
3860389
3860571
3860572
3862116
3862117
3862118
3862119
3862120
3862171
3862929
3862958
3863004
3930793
3930794
3930856
3931142
3931143
3931144
3931145
3931300
3931302
3932112
3932122
3932307
3932376
3932377
3932378
3932379
3932380
3932381
3932414
3932524
3932633
3933785
3933786
3933787
3933879
3935182
3935183
4000964
4000965
4000966
4000985
4001203
4001204
4001205
4001206
4001207
4001387
4002424
4002425
4002603
4002604
4002605
4002606
4002607
4003885
4003886
4003937
4003944
4003980
4004929
4004932
4005064
4005065
4005066
4005067
4005068
4005069
4005437
4066388
4066389
4066637
4066638
4066666
4067864
4067865
4068085
4069012
4069055
4069218
4069320
4069352
4070343
4070352
4070353
4070385
4070493
4071312
4132522
4132553
4132729
4132841
4133806
4133823
4133824
4133872
4133951
4134887
4134888
4134906
4137226
4137227
4137228
4181653
4182708
4183753
4183754
4183755
4183949
4185012
4185013
4185959
4186175
4243583
4243584
4243597
4243606
4243809
4245995
4246052
4246171
4246172
4246414
4247296
4247455
4247456
4247457
4247458
4247459
4247460
4247476
4247534
4247614
4309182
4309183
4309305
4310331
4310469
4310693
4311641
4311689
4312806
4312807
4312808
4367172
4367173
4367174
4368153
4368154
4368155
4368248
4368249
4368260
4370145
4370268
4370269
4370332
4424152
4424153
4424154
4424155
4424156
4424158
4424165
4424349
4425133
4425270
4425271
4425278
4425319
4426205
4426326
4426327
4426328
4426432
4427413
4427579
4427585
4427753
4429111
4491481
4491543
4491544
4492653
4492654
4492655
4492748
4493532
4493798
4494957
4495098
4495099
4495100
4495303
4496364
4496480
4496481
4496482
4496738
4563192
4563193
4563409
4563412
4563518
4563519
4563520
4564572
4564577
4564672
4564673
4565424
4565884
4567124
4567171
4567252
4634448
4634555
4634586
4634764
4636380
4637868
4637979
4637988
4638051
4638052
4638053
4638054
4638055
4639365
4639406
4717513
4717674
4719053
4719167
4719292
4719293
4720541
4720542
4721779
4795626
4795712
4795746
4795807
4797337
4797345
4797476
4798887
4799960
4800043
4800195
4801692
4801693
4801694
4801695
4801696
4801702
4801722
4891075
4891424
4892584
4892801
4892936
4892937
4894094
4894181
4894311
4894445
4894446
4894447
4895960
4897254
4897469
4897485
4981489
4981612
4981954
4983376
4985043
4985045
4985233
4985416
4985545
4985546
4986980
4987221
4987227
4987258
4988379
4988496
4988593
4988594
4988800
4988801
4988802
4988803
4988804
4988805
4988808
4988827
5079346
5079347
5079378
5080884
5081231
5081232
5081233
5082932
5082955
5082963
5084106
5084448
5084562
5084586
5176745
5176750
5177192
5177195
5177233
5178671
5178986
5179207
5180817
5182370
5182371
5182372
5275801
5275802
5276147
5276148
5277893
5277895
5278021
5278291
5278292
5278293
5278294
5278295
5279811
5280110
5281241
5281263
5281264
5378269
5378817
5378818
5380515
5380827
5380828
5380859
5382421
5382654
5382659
5383960
5384108
5384228
5385719
5385893
5386015
5480976
5480977
5482546
5482699
5482700
5484700
5484897
5484898
5484899
5484900
5484901
5486214
5486600
5486601
5487770
5488098
5488100
5488101
5591422
5591833
5591834
5593656
5593659
5594080
5594136
5595724
5596083
5597387
5597902
5597903
5597904
5597905
5597935
5710258
5710297
5711931
5712376

