AM1 MMOK GEO-OK PRECISE CHARGE=0
created by wmopcrt() for mopac

    C     37.6610  1       40.8700  1       38.9280  1   
    C     38.6270  1       41.6200  1       38.2250  1   
    C     39.8420  1       41.9660  1       38.8250  1   
    C     40.0520  1       41.5340  1       40.1200  1   
    C     39.1040  1       40.8030  1       40.8100  1   
    C     37.8940  1       40.4550  1       40.2430  1   
    H     37.1580  1       39.8810  1       40.7970  1   
    C     39.6390  1       40.5360  1       42.1430  1   
    O     39.0220  1       39.9640  1       43.0200  1   
    N     40.8960  1       41.0770  1       42.1760  1   
    C     41.2010  1       41.7150  1       41.0040  1   
    O     42.2030  1       42.3310  1       40.6950  1   
    C     41.7620  1       41.0620  1       43.3430  1   
    C     42.9510  1       40.1290  1       43.1550  1   
    C     44.1400  1       40.8330  1       42.4860  1   
    C     45.4140  1       39.9790  1       42.4950  1   
    C     46.5960  1       40.6930  1       41.8360  1   
    C     47.2180  1       41.7910  1       42.6820  1   
    O     46.5820  1       42.4720  1       43.4780  1   
    N     48.5620  1       41.9810  1       42.4170  1   
    C     49.2870  1       43.1480  1       42.9020  1   
    C     50.8090  1       43.1080  1       42.7300  1   
    C     51.4920  1       41.9760  1       43.4460  1   
    C     51.5850  1       41.8000  1       44.8680  1   
    C     51.1530  1       42.5500  1       45.9810  1   
    C     51.3780  1       42.0490  1       47.2690  1   
    C     52.0270  1       40.8340  1       47.4690  1   
    C     52.4650  1       40.0750  1       46.3810  1   
    C     52.2280  1       40.5840  1       45.0990  1   
    N     52.5230  1       40.0440  1       43.8710  1   
    C     52.0760  1       40.8620  1       42.8650  1   
    C     52.2130  1       40.4750  1       41.4400  1   
    H     52.1360  1       39.3940  1       41.3100  1   
    H     51.4360  1       40.9350  1       40.8270  1   
    H     53.1820  1       40.8050  1       41.0590  1   
    H     52.9700  1       39.1480  1       43.7400  1   
    H     52.9510  1       39.1170  1       46.5320  1   
    H     52.1910  1       40.4570  1       48.4760  1   
   Br     50.7700  1       43.0310  1       48.7680  1   
    H     50.6390  1       43.4950  1       45.8380  1   
    H     51.0280  1       43.0100  1       41.6590  1   
    H     51.2540  1       44.0580  1       43.0360  1   
    H     49.0530  1       43.2400  1       43.9690  1   
    H     48.8630  1       44.0210  1       42.3920  1   
    H     48.9430  1       41.5170  1       41.6040  1   
    H     47.3590  1       39.9670  1       41.5470  1   
    H     46.2430  1       41.1780  1       40.9170  1   
    H     45.6910  1       39.7490  1       43.5280  1   
    H     45.2240  1       39.0170  1       42.0070  1   
    H     44.3220  1       41.7840  1       42.9990  1   
    H     43.8930  1       41.0950  1       41.4560  1   
    H     42.6500  1       39.2360  1       42.5990  1   
    H     43.2340  1       39.7560  1       44.1340  1   
    H     42.1190  1       42.0830  1       43.5160  1   
    H     41.1750  1       40.7390  1       44.2070  1   
    H     40.5940  1       42.5430  1       38.3000  1   
    H     38.4210  1       41.9310  1       37.2020  1   
    H     36.7230  1       40.6130  1       38.4390  1   

